E_v,lum_sources,omega_sources,position index
323.621117,8257.689588,0.0204591228,1.535490
29.496914,50.427989,165.196916,21.734524
435.079404,8688.951735,0.0079013635,2.888548
435.079404,9621.620512,0.0205252274,1.544336
30.162544,62.660260,238.226390,22.774187
663.684705,10418.524628,0.0428696857,1.708604
31.513693,82.356567,404.953917,22.735662
185.036983,9632.993479,0.0085677879,2.977656
24.246408,41.830646,53.622130,16.251781
164.369414,9066.457481,0.0077976614,2.768656
24.372820,37.334319,47.080189,16.472511
489.482913,9248.475232,0.0082279097,2.773229
489.482913,10357.467924,0.0232398355,1.453783
31.298573,64.547380,286.701337,23.668734
442.630475,11262.039653,0.0235499349,1.450449
31.913673,58.047144,260.269991,23.484104
831.087854,12118.924613,0.0484723039,1.633883
831.087854,4549.505705,0.0004530330,16.000000
32.988640,94.074870,535.542929,23.722483
399.961861,7454.365147,0.0077635082,3.079334
399.961861,8075.393347,0.0222771462,1.500586
29.536116,59.733758,212.302722,22.349222
387.951945,9637.357170,0.0226096787,1.523583
30.584633,55.592722,213.302256,22.495077
755.356819,11121.583791,0.0476019595,1.696065
32.202602,88.283157,478.007097,23.165253
206.104743,9983.893495,0.0088593915,2.980998
24.252691,47.423176,57.120440,16.277031
458.362542,6542.641831,0.0436079808,1.710464
458.362542,4549.668948,0.0004065581,16.000000
29.004574,63.767443,258.031210,21.230043
311.842959,7070.194284,0.0228650703,1.497173
29.076571,48.697674,158.854701,21.556196
502.670332,8897.633693,0.0082500217,2.637089
502.670332,10207.184353,0.0234595756,1.478407
31.038710,68.976411,285.974544,23.455841
170.519300,6804.965742,0.0079614481,2.626459
22.665497,41.796835,39.210669,15.539224
199.688143,9332.134789,0.0077880616,3.000418
23.336073,48.661685,46.812948,15.580198
688.937582,10293.883775,0.0466205331,1.718692
31.652746,81.857459,431.774787,22.835320
519.874080,9281.619242,0.0084742732,3.026685
519.874080,10922.877710,0.0233117453,1.512439
31.217960,69.823049,300.518498,23.443882
444.504585,8767.667887,0.0078883800,2.980380
444.504585,9238.010740,0.0226514443,1.502190
30.358484,62.214655,249.051479,22.951502
663.978889,10008.458356,0.0459732295,1.688052
31.605408,78.668102,416.835754,22.868410
186.149201,9645.676363,0.0084930931,2.891142
24.418249,42.017328,54.147872,16.499365
420.410171,11001.880864,0.0232338714,1.519022
31.515856,54.198716,250.139880,23.142220
169.899891,8518.396948,0.0076887018,2.881514
23.473492,40.354737,43.121745,15.756291
377.998148,9631.047684,0.0225483250,1.509121
30.722874,52.688553,212.472174,22.627359
679.652065,10352.983124,0.0468584345,1.810979
31.374880,80.507360,426.730732,22.529198
518.321536,9304.953773,0.0083920829,2.917185
518.321536,11287.996912,0.0233677946,1.528823
31.429758,66.637424,308.973893,23.594362
157.184911,8023.080458,0.0077464818,3.228108
22.532618,37.954145,37.948445,14.850851
432.459793,8441.500711,0.0078247591,3.021810
432.459793,9014.301970,0.0224583278,1.494402
30.231848,61.252589,240.029105,22.859461
651.709503,9703.674127,0.0459542612,1.669734
31.488224,78.229077,405.945607,22.826057
406.462074,10470.022058,0.0232284420,1.510506
31.269590,53.666679,237.863228,22.994167
153.623683,5214.194043,0.0197251680,1.415862
28.974590,16.753239,100.991831,21.887043
116.170718,8676.656089,0.0077577058,2.730206
25.347404,22.469039,45.582149,17.197683
332.081365,5631.053145,0.0410035704,1.597669
29.125978,38.050713,212.541522,21.750784
201.333074,3105.976427,0.0109869361,1.461897
201.333074,4132.583867,0.0005324552,15.629802
21.773611,53.170418,34.293276,15.570689
402.571825,7964.585959,0.0077380573,2.891142
402.571825,8448.135394,0.0220853374,1.499037
29.898945,57.120059,223.123864,22.699253
374.347562,9465.146082,0.0226891954,1.508073
30.651556,52.238398,210.235793,22.589920
180.599420,9373.249565,0.0080104796,2.847837
24.203621,41.515766,50.173794,16.393185
675.493516,10204.769229,0.0464091203,1.674247
31.824623,77.824662,431.000127,23.057293
561.335005,8452.605034,0.0436781800,1.675746
30.565342,71.876917,335.527008,22.255754
438.412840,8268.506448,0.0079911400,2.900485
438.412840,8971.553102,0.0226426867,1.507657
30.149887,62.408359,242.351196,22.812605
377.527419,9408.441559,0.0229408231,1.513060
30.603168,52.801136,211.647756,22.556671
177.787824,8623.903688,0.0080064478,2.639935
24.193796,41.018640,48.923965,16.534977
584.393575,8823.002205,0.0438184233,1.689610
30.738785,74.464107,350.457679,22.326654
459.239728,8264.758386,0.0083862325,2.892584
459.239728,9146.091960,0.0238188441,1.521226
30.307878,63.771145,258.896765,22.902992
179.900471,8912.382255,0.0082209147,2.945977
23.705929,41.940815,48.139513,15.937043
382.940420,9729.111709,0.0230707424,1.520698
30.811771,51.866698,219.996380,22.697117
407.227609,7841.265784,0.0078170956,2.866809
407.227609,8193.931481,0.0222713034,1.512855
29.613667,59.760090,219.485745,22.474329
173.476490,8093.150172,0.0078860204,2.900821
23.089031,41.726841,42.387751,15.527352
363.847003,8461.043596,0.0228013985,1.519022
363.847003,4898.681904,0.0004239746,16.000000
29.836058,55.482051,189.544996,21.997232
634.296944,9042.938722,0.0463867875,1.658237
31.088697,79.620075,384.163097,22.578920
418.003033,8444.656950,0.0080837520,3.047212
418.003033,8690.962789,0.0222182178,1.492908
30.051687,59.269583,231.802145,22.772102
181.449675,9617.125535,0.0081615268,2.871935
24.372288,41.293997,51.720756,16.395634
696.241524,10590.076283,0.0463992508,1.703858
31.898268,80.589035,443.063601,23.014826
427.449751,11374.421676,0.0232561862,1.519370
31.729658,53.774815,258.511184,23.279585
110.176001,9135.368228,0.0078241126,2.956066
25.361082,20.623596,45.385064,16.906464
330.157648,10285.196712,0.0227130473,1.468487
31.942745,32.297364,228.692484,23.683872
429.822927,9378.703769,0.0083016835,3.012758
429.822927,10843.329682,0.0227899764,1.459459
31.946186,44.351158,290.489654,24.258043
709.470556,10966.712784,0.0477461854,1.722306
32.190182,76.932921,467.778652,23.203417
329.954246,9687.622827,0.0225931233,1.485130
31.363485,36.781190,214.402729,23.237896
448.701611,9378.555704,0.0083565436,2.941163
448.701611,10634.400844,0.0229992380,1.463909
31.687386,50.695109,289.438228,24.035244
125.002702,9749.886927,0.0086912086,2.852806
26.051302,22.161563,55.380098,17.537968
739.369838,11282.500219,0.0480592214,1.668250
32.572956,78.857350,491.632164,23.518461
527.732892,8977.633966,0.0442495145,1.680652
31.322363,53.484630,359.705967,22.922228
122.687875,9587.698270,0.0082125919,2.871815
25.730177,22.762352,51.177838,17.287575
454.059481,9377.591312,0.0084092396,2.848028
454.059481,11007.609658,0.0231524210,1.481891
31.879906,48.659261,301.191901,24.185139
440.931150,11572.952970,0.0232609689,1.493198
31.888657,56.323634,263.985234,23.412968
428.690443,8324.768422,0.0075946256,2.854116
428.690443,9008.943663,0.0225137854,1.470230
30.386408,59.992408,240.218732,23.033112
644.706466,10511.587683,0.0470346430,1.656030
32.386414,61.809962,450.524741,23.569101
383.921598,11495.230586,0.0229872674,1.495450
32.251266,39.584558,259.563038,23.786148
122.504711,9600.872317,0.0081827811,2.871815
25.731586,22.738759,51.068791,17.287102
533.113440,9323.411277,0.0442471014,1.783998
31.152754,53.780338,364.157524,22.644552
112.011932,9404.097067,0.0080418770,3.143371
25.187881,20.694168,46.999286,16.701029
346.502169,10532.457806,0.0231025826,1.467908
32.045158,34.597966,237.809452,23.740507
497.307062,8920.208340,0.0083529830,3.094595
497.307062,10884.434943,0.0233276707,1.474335
31.464981,64.440490,294.861289,23.649574
290.944467,8859.939956,0.0221667124,1.473143
31.058630,31.545950,191.839941,23.096722
655.989329,10062.648058,0.0455328518,1.660546
31.766296,76.068060,417.014466,23.032017
432.209604,9145.630129,0.0082282636,2.910220
432.209604,10598.003379,0.0231143839,1.500640
31.636971,45.689070,288.673156,24.018629
182.448960,9828.066220,0.0085943494,2.960266
24.490952,40.702491,54.578311,16.415817
528.392202,9016.271970,0.0433496536,1.628709
31.490883,53.976359,358.820465,23.101162
332.789892,9948.274882,0.0228712477,1.470902
31.666002,35.162650,222.323167,23.478579
184.082660,9446.666725,0.0084446594,2.526719
25.241671,40.399333,57.164410,17.337812
509.429404,9096.136996,0.0084052453,2.929841
509.429404,11085.903597,0.0234818904,1.500578
31.478848,65.255613,304.422847,23.665226
357.865927,8918.282262,0.0223680560,1.498434
30.315779,51.733585,195.340073,22.372862
667.573248,9942.961546,0.0459489628,1.672693
31.597267,80.270753,415.395236,22.873995
189.183157,9173.827848,0.0082697848,2.819004
24.074747,43.961674,51.073483,16.280085
489.406385,8686.490151,0.0080672205,2.750564
489.406385,10461.282849,0.0235743859,1.504095
31.171732,63.648283,289.449405,23.518040
